DIMENSION : 21
EDGE_WEIGHT_TYPE : REAL
DISTANCE : 130
CAPACITY : 8
NODE_COORD_SECTION
1 1 12.823845 49.245077 -1 -1
2 2 12.55270972 49.3164385 12 -1
3 4 12.61070981 49.33493732 13 -1
4 6 12.3854542 49.3568124 14 -1
5 8 12.7432841 49.2493481 15 -1
6 10 12.65007733 49.36532861 16 -1
7 12 12.8754546 49.2327184 17 -1
8 14 12.72156 49.43931 18 -1
9 16 12.50537596 49.1661502 19 -1
10 18 12.93633181 49.39483131 20 -1
11 20 12.44580557 49.3359137 21 -1
12 3 12.489507 49.17677 -1 2
13 5 12.315967 49.153093 -1 3
14 7 12.647875 49.255127 -1 4
15 9 12.745587 49.198887 -1 5
16 11 12.617862 49.23571 -1 6
17 13 12.683638 49.32012 -1 7
18 15 12.716882 49.210692 -1 8
19 17 12.613036 49.119847 -1 9
20 19 12.673511 49.126572 -1 10
21 21 12.414018 49.197798 -1 11
DEMAND_SECTION
1 0
2 1
3 1
4 1
5 1
6 1
7 1
8 1
9 1
10 1
11 1
12 -1
13 -1
14 -1
15 -1
16 -1
17 -1
18 -1
19 -1
20 -1
21 -1
DISTANCE_SECTION
0 32.96188 25.694950000000002 49.284169999999996 10.037370000000001 25.79754 5.33943 29.46661 34.57524 0 48.275349999999996 34.455709999999996 52.836980000000004 20.55864 16.93328 22.70337 18.965880000000002 14.430040000000002 29.2742 27.36216 38.15771 
33.31989 0 11.69939 15.9831 23.044790000000003 15.0884 38.63768 26.722720000000002 21.173470000000002 0 11.93047 21.053939999999997 33.55077 13.351090000000001 24.60018 12.99451 18.140439999999998 22.09694 26.81128 31.60529 24.75593 
25.694950000000002 11.71234 0 19.281779999999998 18.60548 6.909350000000001 34.78233 18.54366 31.4767 0 16.51551 31.35717 41.03712 12.54991 23.799 14.78399 6.729229999999999 21.295759999999998 31.97108 30.05905 28.791790000000002 
48.89392 15.9831 19.26883 0 42.632940000000005 22.65784 54.21171 34.29216 30.02293 0 6.447439999999999 29.9034 37.13132 30.607590000000002 40.17421 25.42995 25.709880000000002 37.670970000000004 37.83075 42.62476 24.88598 
10.037370000000001 22.921259999999997 18.60548 42.83798 0 18.70807 15.35516 27.789900000000003 28.12905 0 34.832800000000006 28.009520000000002 46.39078 10.51802 10.48709 12.66275 11.87641 7.98385 22.828 20.91597 31.711509999999997 
25.79754 15.10134 6.909350000000001 22.67079 18.70807 0 34.884910000000005 14.40736 39.475089999999994 0 19.90452 39.35555 44.42613 18.248099999999997 26.00196 20.48218 6.831810000000001 23.498720000000002 34.17404 32.262 32.18079 
5.33943 38.27968 34.78305 54.60196 15.35516 34.88564 0 37.39827 39.89304 0 53.59314 39.7735 58.15477 25.87644 18.51143 28.02116 28.05398 19.74784 34.591989999999996 30.196930000000002 43.4755 
29.48772 26.733919999999998 18.541919999999998 34.30336 27.80146 14.405610000000001 37.3888 0 48.56848 0 31.53709 48.448949999999996 56.058699999999995 24.9746 35.095349999999996 32.11475 15.92521 32.59211 43.26743 41.35539 43.81336 
33.90668 21.087880000000002 37.17367 29.00387 27.6457 39.37663 39.22448 48.45846 0 0 27.99504 3.42922 28.71135 25.57162 25.18698 20.14357 32.54497 22.68374 12.005700000000001 27.637520000000002 14.03208 
0 0 0 0 0 0 0 0 0 0 0 0 0 0 0 0 0 0 0 0 0 
47.88509 11.93047 16.502560000000003 6.447439999999999 41.62411 19.891569999999998 53.20289 31.52589 29.014110000000002 0 0 28.894569999999998 33.93459 27.84132 39.16539 24.42112 22.94361 36.662150000000004 36.82193 41.61593 21.68925 
33.787150000000004 20.96836 37.05414 28.88434 27.526169999999997 39.2571 39.104949999999995 48.33893 3.42922 0 27.87551 0 17.14951 25.452080000000002 25.06745 20.02404 32.42544 22.56421 17.261509999999998 27.51799 13.91255 
52.20829 33.71208 41.185480000000005 37.27358 45.947309999999995 44.57449 57.52608 56.208800000000004 28.54353 0 34.09589 17.14951 0 43.87322 43.48858 38.44517 50.84658 40.985339999999994 29.9915 45.93913 19.234830000000002 
20.91665 13.351090000000001 12.54991 30.62053 10.641549999999999 18.248099999999997 26.23444 24.96304 25.67007 0 27.85426 25.55054 43.9318 0 12.19694 4.859109999999999 9.04955 9.693700000000002 20.36903 18.45699 29.25253 
16.780990000000003 23.985509999999998 23.18432 40.3078 10.520010000000001 25.38728 18.473779999999998 34.46911 25.598869999999998 0 39.298970000000004 25.47934 43.8606 11.582270000000001 0 13.726989999999999 18.55563 2.69752 20.297819999999998 18.38579 29.181330000000003 
23.04959 12.99451 14.809370000000001 25.42995 12.77449 20.50756 28.36738 32.14188 20.22915 0 24.42112 20.10962 38.49088 4.859109999999999 14.32988 0 13.90867 11.82664 22.50196 20.58993 23.81161 
18.965880000000002 18.153380000000002 6.729229999999999 25.72282 11.87641 6.831810000000001 28.053259999999998 15.91365 32.64343 0 22.95655 32.523900000000005 50.90516 9.04955 19.1703 13.90867 0 16.667060000000003 27.342380000000002 25.430349999999997 36.22589 
14.2596 21.46413 20.66294 37.786410000000004 7.99862 22.8659 19.5774 31.94773 23.07748 0 36.77759 22.95795 41.339220000000005 9.06088 2.67937 11.20561 16.03424 0 17.776439999999997 15.8644 26.659950000000002 
28.66676 26.505 31.93375 37.52447 22.40578 34.13671 33.984550000000006 43.218540000000004 12.005700000000001 0 36.51564 17.261509999999998 29.9915 20.33169 19.94706 22.476419999999997 27.305049999999998 17.44382 0 7.87637 23.60489 
26.707849999999997 30.77602 29.97484 42.48462 20.44687 32.17779 32.02564 41.259629999999994 21.842419999999997 0 41.47579 27.65616 46.03742 18.37278 17.988139999999998 20.5175 25.34614 15.4849 7.87637 0 31.358150000000002 
37.55814 24.739349999999998 28.77884 24.86694 31.297159999999998 32.16785 42.87594 43.80216 13.893379999999999 0 21.68925 13.77385 19.26396 29.223080000000003 28.83844 23.79503 36.19643 26.3352 23.466189999999997 31.28898 0 
DEPOT_SECTION
1
-1
EOF